{
    "w": 1080,
    "h": 1920,
    "fl_x": 888.5243691702898,
    "fl_y": 886.8605001268272,
    "cx": 543.9585538698024,
    "cy": 957.484846568784,
    "k1": -0.0052530128963116825,
    "k2": 0.001614404236002742,
    "p1": 0.0020276981042456773,
    "p2": -0.0008384569720349376,
    "camera_model": "OPENCV",
    "frames": [
        {
            "file_path": "images/frame_00018.jpg",
            "transform_matrix": [
                [
                    0.23716941791966178,
                    -0.5611167598021229,
                    0.7930313039677663,
                    3.3357786751921763
                ],
                [
                    0.830277847684248,
                    -0.30674230145633447,
                    -0.46534702764934865,
                    -0.021610423839902408
                ],
                [
                    0.5043702636441421,
                    0.7688024078828305,
                    0.39313292254032955,
                    -0.2120710619320279
                ],
                [
                    0.0,
                    0.0,
                    0.0,
                    1.0
                ]
            ],
            "colmap_im_id": 40,
            "time": 0.425,
            "video_id": 0
        },
        {
            "file_path": "images/frame_00020.jpg",
            "transform_matrix": [
                [
                    -0.020412914240365104,
                    -0.5885452906317841,
                    0.8082065044327255,
                    3.3713706830767323
                ],
                [
                    0.8532383467681091,
                    -0.4316043855404998,
                    -0.2927490016834085,
                    0.9577415191717986
                ],
                [
                    0.5211215180134481,
                    0.6836169214240946,
                    0.510979714084623,
                    0.41362199016843176
                ],
                [
                    0.0,
                    0.0,
                    0.0,
                    1.0
                ]
            ],
            "colmap_im_id": 39,
            "time": 0.475,
            "video_id": 0
        },
        {
            "file_path": "images/frame_00030.jpg",
            "transform_matrix": [
                [
                    -0.965909773327326,
                    -0.18285779122953438,
                    0.18325211588795356,
                    -0.39895253734690095
                ],
                [
                    0.23034584028621938,
                    -0.9301282518573759,
                    0.28601088958216025,
                    2.8488892781829307
                ],
                [
                    0.11814865066343948,
                    0.3184720761438883,
                    0.940540500490548,
                    1.7900423067091167
                ],
                [
                    0.0,
                    0.0,
                    0.0,
                    1.0
                ]
            ],
            "colmap_im_id": 38,
            "time": 0.725,
            "video_id": 0
        },
        {
            "file_path": "images/frame_00013.jpg",
            "transform_matrix": [
                [
                    0.7137048183330328,
                    -0.37098359290837524,
                    0.5941351749231863,
                    1.747672676579366
                ],
                [
                    0.6142048726708644,
                    -0.07629081602586214,
                    -0.785450243985878,
                    -1.9338497677629094
                ],
                [
                    0.3367162108891993,
                    0.9255003431565547,
                    0.17341080745305176,
                    -1.4843695145478881
                ],
                [
                    0.0,
                    0.0,
                    0.0,
                    1.0
                ]
            ],
            "colmap_im_id": 37,
            "time": 0.3,
            "video_id": 0
        },
        {
            "file_path": "images/frame_00021.jpg",
            "transform_matrix": [
                [
                    -0.16522613343353923,
                    -0.583577566356552,
                    0.7950707823055533,
                    3.3007411742576993
                ],
                [
                    0.842563609163055,
                    -0.5025360601837463,
                    -0.19376292919215374,
                    1.3885902988282373
                ],
                [
                    0.5126274371751156,
                    0.6378830082862857,
                    0.5747333106710544,
                    0.7319728798805952
                ],
                [
                    0.0,
                    0.0,
                    0.0,
                    1.0
                ]
            ],
            "colmap_im_id": 36,
            "time": 0.5,
            "video_id": 0
        },
        {
            "file_path": "images/frame_00009.jpg",
            "transform_matrix": [
                [
                    0.8970731667649815,
                    -0.21240136026774728,
                    0.3874859941038618,
                    -0.11356501497364192
                ],
                [
                    0.3968574537110188,
                    0.001624220986996749,
                    -0.9178788173501944,
                    -2.9368174764433266
                ],
                [
                    0.19432934648234168,
                    0.9771811623555766,
                    0.08575010806494633,
                    -2.087969953794651
                ],
                [
                    0.0,
                    0.0,
                    0.0,
                    1.0
                ]
            ],
            "colmap_im_id": 35,
            "time": 0.2,
            "video_id": 0
        },
        {
            "file_path": "images/frame_00026.jpg",
            "transform_matrix": [
                [
                    -0.7834440096481198,
                    -0.38311313478312825,
                    0.4893258727097104,
                    1.5956201240664654
                ],
                [
                    0.531651011143082,
                    -0.8209006718692208,
                    0.20849289981963282,
                    2.9459256661761253
                ],
                [
                    0.3218115692404697,
                    0.4234931084224468,
                    0.8468121993817045,
                    1.8474296267609143
                ],
                [
                    0.0,
                    0.0,
                    0.0,
                    1.0
                ]
            ],
            "colmap_im_id": 34,
            "time": 0.625,
            "video_id": 0
        },
        {
            "file_path": "images/frame_00023.jpg",
            "transform_matrix": [
                [
                    -0.44284629595309993,
                    -0.5329380904184622,
                    0.7210160538724076,
                    2.9316111949209542
                ],
                [
                    0.7649966294848852,
                    -0.6440048577267724,
                    -0.006156305798313536,
                    2.1701011716667535
                ],
                [
                    0.467618771049004,
                    0.5488485537973492,
                    0.6928910087143406,
                    1.322438998690819
                ],
                [
                    0.0,
                    0.0,
                    0.0,
                    1.0
                ]
            ],
            "colmap_im_id": 33,
            "time": 0.55,
            "video_id": 0
        },
        {
            "file_path": "images/frame_00022.jpg",
            "transform_matrix": [
                [
                    -0.3088307699689268,
                    -0.5666534734206283,
                    0.7638896494787295,
                    3.1753151758852884
                ],
                [
                    0.8129401136505935,
                    -0.5741684779566675,
                    -0.09725703336357376,
                    1.8277962800538432
                ],
                [
                    0.4937123931381093,
                    0.5909605739651851,
                    0.6379762322223138,
                    1.0284129741398462
                ],
                [
                    0.0,
                    0.0,
                    0.0,
                    1.0
                ]
            ],
            "colmap_im_id": 32,
            "time": 0.525,
            "video_id": 0
        },
        {
            "file_path": "images/frame_00010.jpg",
            "transform_matrix": [
                [
                    0.8583448354430256,
                    -0.2521979339160946,
                    0.4468113087162615,
                    0.3333820820617315
                ],
                [
                    0.45877476462985955,
                    -0.012641717521681358,
                    -0.888462662308844,
                    -2.7173567041912565
                ],
                [
                    0.229716910146167,
                    0.9675930906670198,
                    0.10485109482662835,
                    -1.9595716985824696
                ],
                [
                    0.0,
                    0.0,
                    0.0,
                    1.0
                ]
            ],
            "colmap_im_id": 31,
            "time": 0.225,
            "video_id": 0
        },
        {
            "file_path": "images/frame_00016.jpg",
            "transform_matrix": [
                [
                    0.45829164469075623,
                    -0.5105580336070566,
                    0.727529561410351,
                    2.810969825120196
                ],
                [
                    0.7670708282799519,
                    -0.1862781098001554,
                    -0.6139241078595873,
                    -0.82239861971297
                ],
                [
                    0.4489667168160138,
                    0.8394229923754631,
                    0.3062644724137497,
                    -0.7939105072262544
                ],
                [
                    0.0,
                    0.0,
                    0.0,
                    1.0
                ]
            ],
            "colmap_im_id": 30,
            "time": 0.375,
            "video_id": 0
        },
        {
            "file_path": "images/frame_00005.jpg",
            "transform_matrix": [
                [
                    0.9700077697558412,
                    -0.08570630671915075,
                    0.2274628664240864,
                    -1.6467571420953175
                ],
                [
                    0.22881049586926422,
                    0.006111832132503971,
                    -0.973451797721924,
                    -3.687516840997341
                ],
                [
                    0.08204074349590172,
                    0.996301698531397,
                    0.025539027195504393,
                    -2.5713906251969414
                ],
                [
                    0.0,
                    0.0,
                    0.0,
                    1.0
                ]
            ],
            "colmap_im_id": 13,
            "time": 0.1,
            "video_id": 0
        },
        {
            "file_path": "images/frame_00011.jpg",
            "transform_matrix": [
                [
                    0.8172616517512358,
                    -0.2937427911169362,
                    0.4957807632852183,
                    0.8691000357634406
                ],
                [
                    0.5107840372637328,
                    -0.029070538915926713,
                    -0.8592174177958097,
                    -2.4607779460713686
                ],
                [
                    0.26680153645247856,
                    0.955442345949754,
                    0.12628089211209725,
                    -1.8505016433411907
                ],
                [
                    0.0,
                    0.0,
                    0.0,
                    1.0
                ]
            ],
            "colmap_im_id": 12,
            "time": 0.25,
            "video_id": 0
        },
        {
            "file_path": "images/frame_00029.jpg",
            "transform_matrix": [
                [
                    -0.9419367517141779,
                    -0.22969337926577058,
                    0.244941028191709,
                    0.07974033212299043
                ],
                [
                    0.2961654786348727,
                    -0.9120453521456673,
                    0.2836534591618103,
                    3.022969647042289
                ],
                [
                    0.15824400473672764,
                    0.33972669478708284,
                    0.9271162860256129,
                    1.8769835904767356
                ],
                [
                    0.0,
                    0.0,
                    0.0,
                    1.0
                ]
            ],
            "colmap_im_id": 11,
            "time": 0.7,
            "video_id": 0
        },
        {
            "file_path": "images/frame_00002.jpg",
            "transform_matrix": [
                [
                    0.9919475035435468,
                    -0.03350767954686297,
                    0.1221367496911141,
                    -2.5743678984540437
                ],
                [
                    0.12252681371554269,
                    0.009837997106395678,
                    -0.9924164416884936,
                    -3.8969495043307596
                ],
                [
                    0.0320519911150903,
                    0.9993900385856961,
                    0.013864365879436413,
                    -2.6481331699547863
                ],
                [
                    0.0,
                    0.0,
                    0.0,
                    1.0
                ]
            ],
            "colmap_im_id": 10,
            "time": 0.025,
            "video_id": 0
        },
        {
            "file_path": "images/frame_00031.jpg",
            "transform_matrix": [
                [
                    -0.9861663279500039,
                    -0.13163992054016824,
                    0.1007318466910289,
                    -0.8177539422898072
                ],
                [
                    0.15474608508045234,
                    -0.9489564437439424,
                    0.2748368916814561,
                    2.6889400676415893
                ],
                [
                    0.05941062842522512,
                    0.28662274717305464,
                    0.9561996538553501,
                    1.7733976578251198
                ],
                [
                    0.0,
                    0.0,
                    0.0,
                    1.0
                ]
            ],
            "colmap_im_id": 9,
            "time": 0.75,
            "video_id": 0
        },
        {
            "file_path": "images/frame_00004.jpg",
            "transform_matrix": [
                [
                    0.980600206615553,
                    -0.06423453125239274,
                    0.1851949237433907,
                    -2.063648092225464
                ],
                [
                    0.18601510321797438,
                    0.0069798052177772775,
                    -0.9825220932345126,
                    -3.76934915029894
                ],
                [
                    0.06181922160898863,
                    0.9979104204856802,
                    0.01879299139976075,
                    -2.6163076524212663
                ],
                [
                    0.0,
                    0.0,
                    0.0,
                    1.0
                ]
            ],
            "colmap_im_id": 8,
            "time": 0.075,
            "video_id": 0
        },
        {
            "file_path": "images/frame_00008.jpg",
            "transform_matrix": [
                [
                    0.9216608843161346,
                    -0.1726881445810013,
                    0.3474478652154479,
                    -0.5546905373034235
                ],
                [
                    0.3528028148482455,
                    0.00033823647591071324,
                    -0.9356976324813701,
                    -3.1580684713011906
                ],
                [
                    0.1614663685005503,
                    0.9849764922663167,
                    0.061236602828593875,
                    -2.2843790746859
                ],
                [
                    0.0,
                    0.0,
                    0.0,
                    1.0
                ]
            ],
            "colmap_im_id": 7,
            "time": 0.175,
            "video_id": 0
        },
        {
            "file_path": "images/frame_00038.jpg",
            "transform_matrix": [
                [
                    -0.9352835313871359,
                    0.2628903554074545,
                    -0.23692483396585692,
                    -3.307142022635447
                ],
                [
                    -0.30620427129494376,
                    -0.9367874075399393,
                    0.16931715009215995,
                    1.4411353281962824
                ],
                [
                    -0.17743635522840037,
                    0.23090693819879293,
                    0.9566599843909638,
                    0.8976872536731633
                ],
                [
                    0.0,
                    0.0,
                    0.0,
                    1.0
                ]
            ],
            "colmap_im_id": 6,
            "time": 0.925,
            "video_id": 0
        },
        {
            "file_path": "images/frame_00037.jpg",
            "transform_matrix": [
                [
                    -0.9562822484316573,
                    0.21175825953197397,
                    -0.2016995311211318,
                    -2.9178106394663943
                ],
                [
                    -0.24789286298634716,
                    -0.95286839350634,
                    0.1749026961972851,
                    1.595598730457866
                ],
                [
                    -0.1551560176561882,
                    0.21725621780891935,
                    0.9637044910180903,
                    1.018252131170614
                ],
                [
                    0.0,
                    0.0,
                    0.0,
                    1.0
                ]
            ],
            "colmap_im_id": 5,
            "time": 0.9,
            "video_id": 0
        },
        {
            "file_path": "images/frame_00001.jpg",
            "transform_matrix": [
                [
                    0.9948184971129576,
                    -0.02283732258234372,
                    0.09906873623493219,
                    -2.621262492063805
                ],
                [
                    0.09929631177017248,
                    0.009053535806663323,
                    -0.9950167214465485,
                    -3.929515349871491
                ],
                [
                    0.021826595491677026,
                    0.9996981995515785,
                    0.011274286787875561,
                    -2.6521755521513453
                ],
                [
                    0.0,
                    0.0,
                    0.0,
                    1.0
                ]
            ],
            "colmap_im_id": 4,
            "time": 0.0,
            "video_id": 0
        },
        {
            "file_path": "images/frame_00035.jpg",
            "transform_matrix": [
                [
                    -0.9826068316210932,
                    0.10666806261800052,
                    -0.15200571985579636,
                    -2.4045382765866044
                ],
                [
                    -0.13522653120629466,
                    -0.9720271277533249,
                    0.1920339766018888,
                    1.987563094052197
                ],
                [
                    -0.12726979103255234,
                    0.20924910353199616,
                    0.9695448483497741,
                    1.2952047565160416
                ],
                [
                    0.0,
                    0.0,
                    0.0,
                    1.0
                ]
            ],
            "colmap_im_id": 3,
            "time": 0.85,
            "video_id": 0
        },
        {
            "file_path": "images/frame_00036.jpg",
            "transform_matrix": [
                [
                    -0.9712981510009446,
                    0.1595660174278582,
                    -0.17640461429441626,
                    -2.6346751069164855
                ],
                [
                    -0.1913757637085568,
                    -0.9646540770011529,
                    0.18115691758810168,
                    1.789910679084699
                ],
                [
                    -0.14126294251188445,
                    0.20971694687665884,
                    0.9675037897939304,
                    1.1248303090681535
                ],
                [
                    0.0,
                    0.0,
                    0.0,
                    1.0
                ]
            ],
            "colmap_im_id": 2,
            "time": 0.875,
            "video_id": 0
        },
        {
            "file_path": "images/frame_00033.jpg",
            "transform_matrix": [
                [
                    -0.9989833598913802,
                    -0.012183383503537749,
                    -0.04340290113039571,
                    -1.7113842901040426
                ],
                [
                    0.001267069816712236,
                    -0.9699957647791932,
                    0.24311851193298245,
                    2.4187629008278315
                ],
                [
                    -0.045062636343302834,
                    0.2428163533966233,
                    0.9690250653770301,
                    1.5424375147580964
                ],
                [
                    0.0,
                    0.0,
                    0.0,
                    1.0
                ]
            ],
            "colmap_im_id": 1,
            "time": 0.8,
            "video_id": 0
        },
        {
            "file_path": "images/frame_00032.jpg",
            "transform_matrix": [
                [
                    -0.9970288693610013,
                    -0.07305490192388424,
                    0.024421608579523586,
                    -1.2294352977465484
                ],
                [
                    0.0769101525655772,
                    -0.9617253538250781,
                    0.26300032745676544,
                    2.571579623675634
                ],
                [
                    0.004273417023816385,
                    0.2640971887675421,
                    0.9644866058126575,
                    1.657549501333878
                ],
                [
                    0.0,
                    0.0,
                    0.0,
                    1.0
                ]
            ],
            "colmap_im_id": 14,
            "time": 0.775,
            "video_id": 0
        },
        {
            "file_path": "images/frame_00024.jpg",
            "transform_matrix": [
                [
                    -0.5687434074783648,
                    -0.490092056571483,
                    0.6605609075137853,
                    2.535431394852425
                ],
                [
                    0.6994147614452231,
                    -0.7107868361446887,
                    0.07484026346791321,
                    2.514309055444792
                ],
                [
                    0.43283937889524654,
                    0.504570956010112,
                    0.7470329460128379,
                    1.4757070704635213
                ],
                [
                    0.0,
                    0.0,
                    0.0,
                    1.0
                ]
            ],
            "colmap_im_id": 15,
            "time": 0.575,
            "video_id": 0
        },
        {
            "file_path": "images/frame_00012.jpg",
            "transform_matrix": [
                [
                    0.7724480116872049,
                    -0.33624427777123883,
                    0.538761408145184,
                    1.338460729041224
                ],
                [
                    0.558696254117547,
                    -0.043577767264765234,
                    -0.8282267043722024,
                    -2.2518763233653716
                ],
                [
                    0.3019645092978725,
                    0.9407660516123634,
                    0.15419685878181552,
                    -1.635845529217161
                ],
                [
                    0.0,
                    0.0,
                    0.0,
                    1.0
                ]
            ],
            "colmap_im_id": 16,
            "time": 0.275,
            "video_id": 0
        },
        {
            "file_path": "images/frame_00019.jpg",
            "transform_matrix": [
                [
                    0.117229432975395,
                    -0.5748636452081972,
                    0.8098080324757289,
                    3.3939900425010285
                ],
                [
                    0.8453822327531695,
                    -0.3701383812259552,
                    -0.3851317427695297,
                    0.49464326725672364
                ],
                [
                    0.5211392717782197,
                    0.7297460984214809,
                    0.44258839936118227,
                    0.06855141931972358
                ],
                [
                    0.0,
                    0.0,
                    0.0,
                    1.0
                ]
            ],
            "colmap_im_id": 17,
            "time": 0.45,
            "video_id": 0
        },
        {
            "file_path": "images/frame_00034.jpg",
            "transform_matrix": [
                [
                    -0.9934599802964127,
                    0.048903582655673405,
                    -0.10317803619419733,
                    -2.093616161625784
                ],
                [
                    -0.06946150005956864,
                    -0.9760413390370447,
                    0.20619991391910802,
                    2.213701927041183
                ],
                [
                    -0.09062211407226117,
                    0.2120182635864482,
                    0.973054925657777,
                    1.4334745403653244
                ],
                [
                    0.0,
                    0.0,
                    0.0,
                    1.0
                ]
            ],
            "colmap_im_id": 18,
            "time": 0.825,
            "video_id": 0
        },
        {
            "file_path": "images/frame_00027.jpg",
            "transform_matrix": [
                [
                    -0.8585416018880854,
                    -0.32794037370804374,
                    0.39415914186996853,
                    1.105848061254111
                ],
                [
                    0.44280626678944107,
                    -0.8617804870126397,
                    0.2475015197857509,
                    3.106408175754542
                ],
                [
                    0.2585129163493377,
                    0.38702648939896406,
                    0.8850884524069186,
                    1.9229235587357736
                ],
                [
                    0.0,
                    0.0,
                    0.0,
                    1.0
                ]
            ],
            "colmap_im_id": 19,
            "time": 0.65,
            "video_id": 0
        },
        {
            "file_path": "images/frame_00015.jpg",
            "transform_matrix": [
                [
                    0.56570165222784,
                    -0.47290753222594295,
                    0.675529500932906,
                    2.459713048209893
                ],
                [
                    0.7136671688364955,
                    -0.12962887797418451,
                    -0.6883861751372227,
                    -1.1971328270155221
                ],
                [
                    0.4131111385469931,
                    0.8715244230422479,
                    0.2641673091987051,
                    -1.0195477519140366
                ],
                [
                    0.0,
                    0.0,
                    0.0,
                    1.0
                ]
            ],
            "colmap_im_id": 20,
            "time": 0.35,
            "video_id": 0
        },
        {
            "file_path": "images/frame_00028.jpg",
            "transform_matrix": [
                [
                    -0.9103400549792956,
                    -0.27675439421444425,
                    0.3077141361447163,
                    0.6148330315672198
                ],
                [
                    0.36296434726224575,
                    -0.8911190115655674,
                    0.27233029549225335,
                    3.0946027725695604
                ],
                [
                    0.1988413108908329,
                    0.35960243674007863,
                    0.9116733080296981,
                    1.9898350413168764
                ],
                [
                    0.0,
                    0.0,
                    0.0,
                    1.0
                ]
            ],
            "colmap_im_id": 21,
            "time": 0.675,
            "video_id": 0
        },
        {
            "file_path": "images/frame_00039.jpg",
            "transform_matrix": [
                [
                    -0.9097593573288542,
                    0.31341313117276176,
                    -0.272231741281347,
                    -3.6702956020038076
                ],
                [
                    -0.3615331389776463,
                    -0.9204584416786483,
                    0.1484925808364969,
                    1.2685732353929644
                ],
                [
                    -0.20403847963940264,
                    0.23351331086471103,
                    0.9507049134591877,
                    0.8446132950219362
                ],
                [
                    0.0,
                    0.0,
                    0.0,
                    1.0
                ]
            ],
            "colmap_im_id": 22,
            "time": 0.95,
            "video_id": 0
        },
        {
            "file_path": "images/frame_00006.jpg",
            "transform_matrix": [
                [
                    0.9584698049556829,
                    -0.11024406152471226,
                    0.2630244853369181,
                    -1.243524319740992
                ],
                [
                    0.2651015372702428,
                    0.004361341612964668,
                    -0.9642106375871868,
                    -3.594020440391315
                ],
                [
                    0.10515135721981532,
                    0.993894977146917,
                    0.033406084430239805,
                    -2.4699314124330494
                ],
                [
                    0.0,
                    0.0,
                    0.0,
                    1.0
                ]
            ],
            "colmap_im_id": 23,
            "time": 0.125,
            "video_id": 0
        },
        {
            "file_path": "images/frame_00007.jpg",
            "transform_matrix": [
                [
                    0.9395453297064754,
                    -0.13978956168845394,
                    0.31259150959311166,
                    -0.9193002472812702
                ],
                [
                    0.31607262106495365,
                    0.0028571106556230285,
                    -0.9487306968428034,
                    -3.406987168939083
                ],
                [
                    0.1317295397391212,
                    0.9901771131275714,
                    0.04686803813333592,
                    -2.408925794159884
                ],
                [
                    0.0,
                    0.0,
                    0.0,
                    1.0
                ]
            ],
            "colmap_im_id": 24,
            "time": 0.15,
            "video_id": 0
        },
        {
            "file_path": "images/frame_00014.jpg",
            "transform_matrix": [
                [
                    0.6533822628463676,
                    -0.41906474835752466,
                    0.6304572588858062,
                    2.106157254537585
                ],
                [
                    0.6575706551342451,
                    -0.09846434572305635,
                    -0.7469307907213693,
                    -1.5481208457709394
                ],
                [
                    0.37508992535668,
                    0.9026015229908351,
                    0.21122982410290747,
                    -1.293891623623855
                ],
                [
                    0.0,
                    0.0,
                    0.0,
                    1.0
                ]
            ],
            "colmap_im_id": 25,
            "time": 0.325,
            "video_id": 0
        },
        {
            "file_path": "images/frame_00040.jpg",
            "transform_matrix": [
                [
                    -0.881017089923642,
                    0.36036337502038746,
                    -0.3065079529251947,
                    -3.8932153817934068
                ],
                [
                    -0.41393131865106514,
                    -0.9008895107411642,
                    0.13060992640812788,
                    1.1112391505501598
                ],
                [
                    -0.22906276585745702,
                    0.2419428184105941,
                    0.9428647421116512,
                    0.7814676886192629
                ],
                [
                    0.0,
                    0.0,
                    0.0,
                    1.0
                ]
            ],
            "colmap_im_id": 26,
            "time": 0.975,
            "video_id": 0
        },
        {
            "file_path": "images/frame_00025.jpg",
            "transform_matrix": [
                [
                    -0.6856638101220519,
                    -0.4425980265672625,
                    0.577903215398284,
                    2.0862565208087416
                ],
                [
                    0.6204101982624035,
                    -0.7705807323752258,
                    0.14593327510909168,
                    2.7455151278950307
                ],
                [
                    0.3807313033898261,
                    0.4585982138766192,
                    0.8029516503801827,
                    1.6946270057054298
                ],
                [
                    0.0,
                    0.0,
                    0.0,
                    1.0
                ]
            ],
            "colmap_im_id": 27,
            "time": 0.6,
            "video_id": 0
        },
        {
            "file_path": "images/frame_00003.jpg",
            "transform_matrix": [
                [
                    0.9874588867419577,
                    -0.04664944890578278,
                    0.15082697342027446,
                    -2.4034295489328548
                ],
                [
                    0.15139022672550315,
                    0.008766113240153663,
                    -0.9884352050137943,
                    -3.8521954871324566
                ],
                [
                    0.044787791264296155,
                    0.9988728568618968,
                    0.015718447067642305,
                    -2.631021892379722
                ],
                [
                    0.0,
                    0.0,
                    0.0,
                    1.0
                ]
            ],
            "colmap_im_id": 28,
            "time": 0.05,
            "video_id": 0
        },
        {
            "file_path": "images/frame_00017.jpg",
            "transform_matrix": [
                [
                    0.3521418882388365,
                    -0.5414240682038011,
                    0.7634501089902553,
                    3.137390265099436
                ],
                [
                    0.8035674925542389,
                    -0.24332332749885965,
                    -0.5432062621187059,
                    -0.45669543360394704
                ],
                [
                    0.47987016520896614,
                    0.804769368617201,
                    0.34938644489703835,
                    -0.5277445917307325
                ],
                [
                    0.0,
                    0.0,
                    0.0,
                    1.0
                ]
            ],
            "colmap_im_id": 29,
            "time": 0.4,
            "video_id": 0
        }
    ],
    "applied_transform": [
        [
            1.0,
            0.0,
            0.0,
            0.0
        ],
        [
            0.0,
            0.0,
            1.0,
            0.0
        ],
        [
            -0.0,
            -1.0,
            -0.0,
            -0.0
        ]
    ],
    "ply_file_path": "sparse_pc.ply"
}