{
    "w": 1080,
    "h": 1920,
    "fl_x": 904.6841216203695,
    "fl_y": 894.0288186818091,
    "cx": 537.2825387746369,
    "cy": 914.9890921671607,
    "k1": 0.004778359155797439,
    "k2": 0.00044163732949815634,
    "p1": -0.00857786487743142,
    "p2": -7.762723213696835e-05,
    "camera_model": "OPENCV",
    "frames": [
        {
            "file_path": "images/frame_00018.jpg",
            "transform_matrix": [
                [
                    0.8913942348622004,
                    -0.3559269382839984,
                    0.28059282360425924,
                    4.995108076516131
                ],
                [
                    0.29585317131426414,
                    -0.01204885054519496,
                    -0.9551574353078304,
                    1.4969639689176104
                ],
                [
                    0.34334708252397433,
                    0.9344361079305094,
                    0.09456183753479422,
                    0.8890750317344197
                ],
                [
                    0.0,
                    0.0,
                    0.0,
                    1.0
                ]
            ],
            "colmap_im_id": 13,
            "time": 0.9501,
            "video_id": 0
        },
        {
            "file_path": "images/frame_00016.jpg",
            "transform_matrix": [
                [
                    0.9867029573813398,
                    -0.13398184288645812,
                    0.09201162791553023,
                    3.4694124597852465
                ],
                [
                    0.09351888595012857,
                    0.004986667530277301,
                    -0.9956050176237509,
                    0.5835145629596237
                ],
                [
                    0.13293416365090044,
                    0.9909712402101741,
                    0.017450192283888843,
                    0.14861363819043888
                ],
                [
                    0.0,
                    0.0,
                    0.0,
                    1.0
                ]
            ],
            "colmap_im_id": 10,
            "time": 0.8383,
            "video_id": 0
        },
        {
            "file_path": "images/frame_00011.jpg",
            "transform_matrix": [
                [
                    0.6653697301069784,
                    0.4466827291709618,
                    -0.5981284658982118,
                    -5.4571455762936365
                ],
                [
                    -0.5289192873268946,
                    -0.28333834481796993,
                    -0.7999773558354156,
                    -0.2887706351760691
                ],
                [
                    -0.526808798095644,
                    0.8486423992567155,
                    0.0477343527538466,
                    -0.5727197768391975
                ],
                [
                    0.0,
                    0.0,
                    0.0,
                    1.0
                ]
            ],
            "colmap_im_id": 9,
            "time": 0.5589,
            "video_id": 0
        },
        {
            "file_path": "images/frame_00013.jpg",
            "transform_matrix": [
                [
                    0.9333997714281713,
                    0.2548061644792686,
                    -0.2526631853697752,
                    -1.3734047590251046
                ],
                [
                    -0.23450578107245582,
                    -0.0998089551101725,
                    -0.9669773581234532,
                    -0.4392780019381169
                ],
                [
                    -0.2716098402882983,
                    0.961827422682042,
                    -0.033408137263032135,
                    -0.7579587392964533
                ],
                [
                    0.0,
                    0.0,
                    0.0,
                    1.0
                ]
            ],
            "colmap_im_id": 5,
            "time": 0.6706,
            "video_id": 0
        },
        {
            "file_path": "images/frame_00014.jpg",
            "transform_matrix": [
                [
                    0.9881539881793869,
                    0.12822875195149105,
                    -0.08431537711553592,
                    0.5049237862316535
                ],
                [
                    -0.08397586523475642,
                    -0.008061544030513198,
                    -0.9964351788078932,
                    -0.16412927307541783
                ],
                [
                    -0.1284513515041632,
                    0.9917118526471322,
                    0.0028020735084640738,
                    -0.5134175321362674
                ],
                [
                    0.0,
                    0.0,
                    0.0,
                    1.0
                ]
            ],
            "colmap_im_id": 4,
            "time": 0.7265,
            "video_id": 0
        },
        {
            "file_path": "images/frame_00017.jpg",
            "transform_matrix": [
                [
                    0.9520678251195654,
                    -0.24970798756389476,
                    0.17667138228612556,
                    4.2496835044402985
                ],
                [
                    0.1812002542745914,
                    -0.004924523358790984,
                    -0.9834338904677385,
                    1.0846379756005506
                ],
                [
                    0.24644132003972866,
                    0.9683086646397823,
                    0.04055867059701962,
                    0.4874354567817008
                ],
                [
                    0.0,
                    0.0,
                    0.0,
                    1.0
                ]
            ],
            "colmap_im_id": 3,
            "time": 0.8942,
            "video_id": 0
        },
        {
            "file_path": "images/frame_00015.jpg",
            "transform_matrix": [
                [
                    0.9999925694697601,
                    -0.0034000713182075486,
                    -0.0018167334140874723,
                    1.8077510992742836
                ],
                [
                    -0.001793538904301537,
                    0.006812432851171318,
                    -0.9999751866805733,
                    0.40617193898367343
                ],
                [
                    0.0034123633255438057,
                    0.9999710147167664,
                    0.006806284070996405,
                    -0.12241605351241978
                ],
                [
                    0.0,
                    0.0,
                    0.0,
                    1.0
                ]
            ],
            "colmap_im_id": 2,
            "time": 0.7824,
            "video_id": 0
        },
        {
            "file_path": "images/frame_00012.jpg",
            "transform_matrix": [
                [
                    0.8293856075758127,
                    0.3545507026345047,
                    -0.43175608068384996,
                    -3.2408997598746585
                ],
                [
                    -0.3866537805745893,
                    -0.19354988933354553,
                    -0.9016858068675305,
                    -0.4999280505698347
                ],
                [
                    -0.40325967801588775,
                    0.9147853516537916,
                    -0.023439122982125703,
                    -0.9560019205568816
                ],
                [
                    0.0,
                    0.0,
                    0.0,
                    1.0
                ]
            ],
            "colmap_im_id": 1,
            "time": 0.6148,
            "video_id": 0
        }
    ],
    "applied_transform": [
        [
            1.0,
            0.0,
            0.0,
            0.0
        ],
        [
            0.0,
            0.0,
            1.0,
            0.0
        ],
        [
            -0.0,
            -1.0,
            -0.0,
            -0.0
        ]
    ],
    "ply_file_path": "sparse_pc.ply"
}