{
    "w": 1080,
    "h": 1920,
    "fl_x": 911.2353451995854,
    "fl_y": 898.2032246454157,
    "cx": 545.1225576770483,
    "cy": 916.6358797732939,
    "k1": 0.00957489591333887,
    "k2": -0.0011312357193063692,
    "p1": -0.006496686244433555,
    "p2": -0.0004026505644210662,
    "camera_model": "OPENCV",
    "frames": [
        {
            "file_path": "images/frame_00016.jpg",
            "transform_matrix": [
                [
                    0.9885983808516622,
                    -0.1374937423520525,
                    0.061389837852035875,
                    3.492794226522525
                ],
                [
                    0.06262488185110023,
                    0.004670683902960411,
                    -0.9980262065121408,
                    0.48242603477448887
                ],
                [
                    0.13693562557131575,
                    0.990491623147771,
                    0.013227959913999495,
                    0.16185105030825564
                ],
                [
                    0.0,
                    0.0,
                    0.0,
                    1.0
                ]
            ],
            "colmap_im_id": 12,
            "time": 0.8383,
            "video_id": 0
        },
        {
            "file_path": "images/frame_00018.jpg",
            "transform_matrix": [
                [
                    0.8969162991962052,
                    -0.3618112644239999,
                    0.25423170764499414,
                    5.051530347499218
                ],
                [
                    0.27012760701366545,
                    -0.006888690247918708,
                    -0.9627998867239956,
                    1.3604508216161721
                ],
                [
                    0.3501031678880586,
                    0.9322259140801518,
                    0.09155663248597146,
                    0.9174849435692992
                ],
                [
                    0.0,
                    0.0,
                    0.0,
                    1.0
                ]
            ],
            "colmap_im_id": 10,
            "time": 0.9501,
            "video_id": 0
        },
        {
            "file_path": "images/frame_00011.jpg",
            "transform_matrix": [
                [
                    0.6394839135603232,
                    0.4381419930140555,
                    -0.6317372224708976,
                    -5.462672109526154
                ],
                [
                    -0.5560282387314593,
                    -0.30389678022966515,
                    -0.7736144677416743,
                    -0.10093946236862238
                ],
                [
                    -0.5309358925809825,
                    0.8459777425699295,
                    0.049282218350248784,
                    -0.5240757959002847
                ],
                [
                    0.0,
                    0.0,
                    0.0,
                    1.0
                ]
            ],
            "colmap_im_id": 7,
            "time": 0.5589,
            "video_id": 0
        },
        {
            "file_path": "images/frame_00013.jpg",
            "transform_matrix": [
                [
                    0.9232568587385973,
                    0.2524704532672397,
                    -0.28957804305432433,
                    -1.3756407751848487
                ],
                [
                    -0.26892716263131766,
                    -0.11357869656622048,
                    -0.9564403070162755,
                    -0.38059027968294507
                ],
                [
                    -0.27436281451976396,
                    0.9609154749057554,
                    -0.036966147965951685,
                    -0.7646497621375038
                ],
                [
                    0.0,
                    0.0,
                    0.0,
                    1.0
                ]
            ],
            "colmap_im_id": 5,
            "time": 0.6706,
            "video_id": 0
        },
        {
            "file_path": "images/frame_00017.jpg",
            "transform_matrix": [
                [
                    0.9556865981469778,
                    -0.25447890653011823,
                    0.1479986900397859,
                    4.291278079407792
                ],
                [
                    0.15238183987649304,
                    -0.00251714292983501,
                    -0.988318490602764,
                    0.9610208028603282
                ],
                [
                    0.2518787426483468,
                    0.9670750488574846,
                    0.03637236422315376,
                    0.5025483713983712
                ],
                [
                    0.0,
                    0.0,
                    0.0,
                    1.0
                ]
            ],
            "colmap_im_id": 4,
            "time": 0.8942,
            "video_id": 0
        },
        {
            "file_path": "images/frame_00014.jpg",
            "transform_matrix": [
                [
                    0.9846317775808608,
                    0.12749841733778583,
                    -0.11934997341563978,
                    0.5220872063136408
                ],
                [
                    -0.11818249586677257,
                    -0.016710269476212364,
                    -0.9928512801848687,
                    -0.16934241706681555
                ],
                [
                    -0.12858133709311947,
                    0.9916979986217538,
                    -0.0013853811581752478,
                    -0.5135857611565385
                ],
                [
                    0.0,
                    0.0,
                    0.0,
                    1.0
                ]
            ],
            "colmap_im_id": 3,
            "time": 0.7265,
            "video_id": 0
        },
        {
            "file_path": "images/frame_00015.jpg",
            "transform_matrix": [
                [
                    0.9993381911069215,
                    -0.004403135302311132,
                    -0.03610806273750516,
                    1.8102272142043716
                ],
                [
                    -0.0360967142434464,
                    0.002630185842660752,
                    -0.9993448400543529,
                    0.342063890014019
                ],
                [
                    0.004495221459843886,
                    0.9999868471744731,
                    0.002469506445496874,
                    -0.12119608583796164
                ],
                [
                    0.0,
                    0.0,
                    0.0,
                    1.0
                ]
            ],
            "colmap_im_id": 2,
            "time": 0.7824,
            "video_id": 0
        },
        {
            "file_path": "images/frame_00012.jpg",
            "transform_matrix": [
                [
                    0.8114916471145778,
                    0.3496321753928359,
                    -0.468229269261697,
                    -3.262183685735834
                ],
                [
                    -0.418099913331976,
                    -0.21240712715199478,
                    -0.8832189280166217,
                    -0.3647326628899055
                ],
                [
                    -0.40825698908293484,
                    0.9124913995567903,
                    -0.02618542724163289,
                    -0.9705661226454266
                ],
                [
                    0.0,
                    0.0,
                    0.0,
                    1.0
                ]
            ],
            "colmap_im_id": 1,
            "time": 0.6148,
            "video_id": 0
        }
    ],
    "applied_transform": [
        [
            1.0,
            0.0,
            0.0,
            0.0
        ],
        [
            0.0,
            0.0,
            1.0,
            0.0
        ],
        [
            -0.0,
            -1.0,
            -0.0,
            -0.0
        ]
    ],
    "ply_file_path": "sparse_pc.ply"
}